5.95238095238095E-4, 1.19047619047619E-3, 1.19047619047619E-3, 1.19047619047619E-3, 3.57142857142857E-3, -1.78571428571429E-3, 3.57142857142857E-3, -1.78571428571429E-3, 3.57142857142857E-3, -1.78571428571429E-3, -8.92857142857143E-4, -8.92857142857143E-4, -8.92857142857143E-4, -8.92857142857143E-4, -8.92857142857143E-4, -8.92857142857143E-4, 1.07142857142857E-2, 1.07142857142857E-2, 1.07142857142857E-2, 5.35714285714286E-3
1.19047619047619E-3, 5.95238095238095E-4, 1.19047619047619E-3, 1.19047619047619E-3, -1.78571428571429E-3, 3.57142857142857E-3, -8.92857142857143E-4, -8.92857142857143E-4, -8.92857142857143E-4, -8.92857142857143E-4, 3.57142857142857E-3, -1.78571428571429E-3, 3.57142857142857E-3, -1.78571428571429E-3, -8.92857142857143E-4, -8.92857142857143E-4, 1.07142857142857E-2, 1.07142857142857E-2, 5.35714285714286E-3, 1.07142857142857E-2
1.19047619047619E-3, 1.19047619047619E-3, 5.95238095238095E-4, 1.19047619047619E-3, -8.92857142857143E-4, -8.92857142857143E-4, -1.78571428571429E-3, 3.57142857142857E-3, -8.92857142857143E-4, -8.92857142857143E-4, -1.78571428571429E-3, 3.57142857142857E-3, -8.92857142857143E-4, -8.92857142857143E-4, 3.57142857142857E-3, -1.78571428571429E-3, 1.07142857142857E-2, 5.35714285714286E-3, 1.07142857142857E-2, 1.07142857142857E-2
1.19047619047619E-3, 1.19047619047619E-3, 1.19047619047619E-3, 5.95238095238095E-4, -8.92857142857143E-4, -8.92857142857143E-4, -8.92857142857143E-4, -8.92857142857143E-4, -1.78571428571429E-3, 3.57142857142857E-3, -8.92857142857143E-4, -8.92857142857143E-4, -1.78571428571429E-3, 3.57142857142857E-3, -1.78571428571429E-3, 3.57142857142857E-3, 5.35714285714286E-3, 1.07142857142857E-2, 1.07142857142857E-2, 1.07142857142857E-2
9.92063492063492E-5, 9.92063492063492E-5, 2.72817460317460E-4, 2.72817460317460E-4, 4.46428571428571E-4, 4.46428571428571E-4, 2.23214285714286E-4, -4.46428571428571E-4, 2.23214285714286E-4, -4.46428571428571E-4, 2.23214285714286E-4, -4.46428571428571E-4, 2.23214285714286E-4, -4.46428571428571E-4, -2.23214285714286E-4, -2.23214285714286E-4, 2.67857142857143E-3, 2.67857142857143E-3, 1.33928571428571E-3, 1.33928571428571E-3
9.92063492063492E-5, 2.72817460317460E-4, 9.92063492063492E-5, 2.72817460317460E-4, 2.23214285714286E-4, -4.46428571428571E-4, 4.46428571428571E-4, 4.46428571428571E-4, 2.23214285714286E-4, -4.46428571428571E-4, -4.46428571428571E-4, 2.23214285714286E-4, -2.23214285714286E-4, -2.23214285714286E-4, 2.23214285714286E-4, -4.46428571428571E-4, 2.67857142857143E-3, 1.33928571428571E-3, 2.67857142857143E-3, 1.33928571428571E-3
9.92063492063492E-5, 2.72817460317460E-4, 2.72817460317460E-4, 9.92063492063492E-5, 2.23214285714286E-4, -4.46428571428571E-4, 2.23214285714286E-4, -4.46428571428571E-4, 4.46428571428571E-4, 4.46428571428571E-4, -2.23214285714286E-4, -2.23214285714286E-4, -4.46428571428571E-4, 2.23214285714286E-4, -4.46428571428571E-4, 2.23214285714286E-4, 1.33928571428571E-3, 2.67857142857143E-3, 2.67857142857143E-3, 1.33928571428571E-3
2.72817460317460E-4, 9.92063492063492E-5, 9.92063492063492E-5, 2.72817460317460E-4, -4.46428571428571E-4, 2.23214285714286E-4, -4.46428571428571E-4, 2.23214285714286E-4, -2.23214285714286E-4, -2.23214285714286E-4, 4.46428571428571E-4, 4.46428571428571E-4, 2.23214285714286E-4, -4.46428571428571E-4, 2.23214285714286E-4, -4.46428571428571E-4, 2.67857142857143E-3, 1.33928571428571E-3, 1.33928571428571E-3, 2.67857142857143E-3
2.72817460317460E-4, 9.92063492063492E-5, 2.72817460317460E-4, 9.92063492063492E-5, -4.46428571428571E-4, 2.23214285714286E-4, -2.23214285714286E-4, -2.23214285714286E-4, -4.46428571428571E-4, 2.23214285714286E-4, 2.23214285714286E-4, -4.46428571428571E-4, 4.46428571428571E-4, 4.46428571428571E-4, -4.46428571428571E-4, 2.23214285714286E-4, 1.33928571428571E-3, 2.67857142857143E-3, 1.33928571428571E-3, 2.67857142857143E-3
2.72817460317460E-4, 2.72817460317460E-4, 9.92063492063492E-5, 9.92063492063492E-5, -2.23214285714286E-4, -2.23214285714286E-4, -4.46428571428571E-4, 2.23214285714286E-4, -4.46428571428571E-4, 2.23214285714286E-4, -4.46428571428571E-4, 2.23214285714286E-4, -4.46428571428571E-4, 2.23214285714286E-4, 4.46428571428571E-4, 4.46428571428571E-4, 1.33928571428571E-3, 1.33928571428571E-3, 2.67857142857143E-3, 2.67857142857143E-3
-4.96031746031746E-5, 4.96031746031746E-5, 0.00000000000000E+00, 0.00000000000000E+00, 4.46428571428571E-4, -4.46428571428571E-4, 2.23214285714286E-4, -7.44047619047619E-5, 2.23214285714286E-4, -7.44047619047619E-5, -2.23214285714286E-4, 7.44047619047619E-5, -2.23214285714286E-4, 7.44047619047619E-5, 0.00000000000000E+00, 0.00000000000000E+00, 0.00000000000000E+00, 0.00000000000000E+00, 1.48809523809524E-4, -1.48809523809524E-4
-4.96031746031746E-5, 0.00000000000000E+00, 4.96031746031746E-5, 0.00000000000000E+00, 2.23214285714286E-4, -7.44047619047619E-5, 4.46428571428571E-4, -4.46428571428571E-4, 2.23214285714286E-4, -7.44047619047619E-5, 7.44047619047619E-5, -2.23214285714286E-4, 0.00000000000000E+00, 0.00000000000000E+00, -2.23214285714286E-4, 7.44047619047619E-5, 0.00000000000000E+00, 1.48809523809524E-4, 0.00000000000000E+00, -1.48809523809524E-4
-4.96031746031746E-5, 0.00000000000000E+00, 0.00000000000000E+00, 4.96031746031746E-5, 2.23214285714286E-4, -7.44047619047619E-5, 2.23214285714286E-4, -7.44047619047619E-5, 4.46428571428571E-4, -4.46428571428571E-4, 0.00000000000000E+00, 0.00000000000000E+00, 7.44047619047619E-5, -2.23214285714286E-4, 7.44047619047619E-5, -2.23214285714286E-4, 1.48809523809524E-4, 0.00000000000000E+00, 0.00000000000000E+00, -1.48809523809524E-4
0.00000000000000E+00, -4.96031746031746E-5, 4.96031746031746E-5, 0.00000000000000E+00, -7.44047619047619E-5, 2.23214285714286E-4, 7.44047619047619E-5, -2.23214285714286E-4, 0.00000000000000E+00, 0.00000000000000E+00, 4.46428571428571E-4, -4.46428571428571E-4, 2.23214285714286E-4, -7.44047619047619E-5, -2.23214285714286E-4, 7.44047619047619E-5, 0.00000000000000E+00, 1.48809523809524E-4, -1.48809523809524E-4, 0.00000000000000E+00
0.00000000000000E+00, -4.96031746031746E-5, 0.00000000000000E+00, 4.96031746031746E-5, -7.44047619047619E-5, 2.23214285714286E-4, 0.00000000000000E+00, 0.00000000000000E+00, 7.44047619047619E-5, -2.23214285714286E-4, 2.23214285714286E-4, -7.44047619047619E-5, 4.46428571428571E-4, -4.46428571428571E-4, 7.44047619047619E-5, -2.23214285714286E-4, 1.48809523809524E-4, 0.00000000000000E+00, -1.48809523809524E-4, 0.00000000000000E+00
0.00000000000000E+00, 0.00000000000000E+00, -4.96031746031746E-5, 4.96031746031746E-5, 0.00000000000000E+00, 0.00000000000000E+00, -7.44047619047619E-5, 2.23214285714286E-4, 7.44047619047619E-5, -2.23214285714286E-4, -7.44047619047619E-5, 2.23214285714286E-4, 7.44047619047619E-5, -2.23214285714286E-4, 4.46428571428571E-4, -4.46428571428571E-4, 1.48809523809524E-4, -1.48809523809524E-4, 0.00000000000000E+00, 0.00000000000000E+00
2.48015873015873E-5, 2.48015873015873E-5, 2.48015873015873E-5, 4.96031746031746E-5, 0.00000000000000E+00, 0.00000000000000E+00, 0.00000000000000E+00, 0.00000000000000E+00, 0.00000000000000E+00, -7.44047619047619E-5, 0.00000000000000E+00, 0.00000000000000E+00, 0.00000000000000E+00, -7.44047619047619E-5, 0.00000000000000E+00, -7.44047619047619E-5, 5.95238095238095E-4, 2.97619047619048E-4, 2.97619047619048E-4, 2.97619047619048E-4
2.48015873015873E-5, 2.48015873015873E-5, 4.96031746031746E-5, 2.48015873015873E-5, 0.00000000000000E+00, 0.00000000000000E+00, 0.00000000000000E+00, -7.44047619047619E-5, 0.00000000000000E+00, 0.00000000000000E+00, 0.00000000000000E+00, -7.44047619047619E-5, 0.00000000000000E+00, 0.00000000000000E+00, -7.44047619047619E-5, 0.00000000000000E+00, 2.97619047619048E-4, 5.95238095238095E-4, 2.97619047619048E-4, 2.97619047619048E-4
2.48015873015873E-5, 4.96031746031746E-5, 2.48015873015873E-5, 2.48015873015873E-5, 0.00000000000000E+00, -7.44047619047619E-5, 0.00000000000000E+00, 0.00000000000000E+00, 0.00000000000000E+00, 0.00000000000000E+00, -7.44047619047619E-5, 0.00000000000000E+00, -7.44047619047619E-5, 0.00000000000000E+00, 0.00000000000000E+00, 0.00000000000000E+00, 2.97619047619048E-4, 2.97619047619048E-4, 5.95238095238095E-4, 2.97619047619048E-4
4.96031746031746E-5, 2.48015873015873E-5, 2.48015873015873E-5, 2.48015873015873E-5, -7.44047619047619E-5, 0.00000000000000E+00, -7.44047619047619E-5, 0.00000000000000E+00, -7.44047619047619E-5, 0.00000000000000E+00, 0.00000000000000E+00, 0.00000000000000E+00, 0.00000000000000E+00, 0.00000000000000E+00, 0.00000000000000E+00, 0.00000000000000E+00, 2.97619047619048E-4, 2.97619047619048E-4, 2.97619047619048E-4, 5.95238095238095E-4
