1.66666666666667E-2
8.33333333333333E-3, 1.66666666666667E-2
8.33333333333333E-3, 8.33333333333333E-3, 1.66666666666667E-2
8.33333333333333E-3, 8.33333333333333E-3, 8.33333333333333E-3, 1.66666666666667E-2
2.77777777777778E-3, 2.77777777777778E-3, 1.38888888888889E-3, 1.38888888888889E-3, 7.93650793650794E-4
2.77777777777778E-3, 1.38888888888889E-3, 2.77777777777778E-3, 1.38888888888889E-3, 3.96825396825397E-4, 7.93650793650794E-4
2.77777777777778E-3, 1.38888888888889E-3, 1.38888888888889E-3, 2.77777777777778E-3, 3.96825396825397E-4, 3.96825396825397E-4, 7.93650793650794E-4
1.38888888888889E-3, 2.77777777777778E-3, 2.77777777777778E-3, 1.38888888888889E-3, 3.96825396825397E-4, 3.96825396825397E-4, 1.98412698412698E-4, 7.93650793650794E-4
1.38888888888889E-3, 2.77777777777778E-3, 1.38888888888889E-3, 2.77777777777778E-3, 3.96825396825397E-4, 1.98412698412698E-4, 3.96825396825397E-4, 3.96825396825397E-4, 7.93650793650794E-4
1.38888888888889E-3, 1.38888888888889E-3, 2.77777777777778E-3, 2.77777777777778E-3, 1.98412698412698E-4, 3.96825396825397E-4, 3.96825396825397E-4, 3.96825396825397E-4, 3.96825396825397E-4, 7.93650793650794E-4
3.96825396825397E-4, -3.96825396825397E-4, 0.00000000000000E+00, 0.00000000000000E+00, 0.00000000000000E+00, 4.96031746031746E-5, 4.96031746031746E-5, -4.96031746031746E-5, -4.96031746031746E-5, 0.00000000000000E+00, 6.61375661375661E-5
3.96825396825397E-4, 0.00000000000000E+00, -3.96825396825397E-4, 0.00000000000000E+00, 4.96031746031746E-5, 0.00000000000000E+00, 4.96031746031746E-5, -4.96031746031746E-5, 0.00000000000000E+00, -4.96031746031746E-5, 2.20458553791887E-5, 6.61375661375661E-5
3.96825396825397E-4, 0.00000000000000E+00, 0.00000000000000E+00, -3.96825396825397E-4, 4.96031746031746E-5, 4.96031746031746E-5, 0.00000000000000E+00, 0.00000000000000E+00, -4.96031746031746E-5, -4.96031746031746E-5, 2.20458553791887E-5, 2.20458553791887E-5, 6.61375661375661E-5
0.00000000000000E+00, 3.96825396825397E-4, -3.96825396825397E-4, 0.00000000000000E+00, 4.96031746031746E-5, -4.96031746031746E-5, 0.00000000000000E+00, 0.00000000000000E+00, 4.96031746031746E-5, -4.96031746031746E-5, -2.20458553791887E-5, 2.20458553791887E-5, 0.00000000000000E+00, 6.61375661375661E-5
0.00000000000000E+00, 3.96825396825397E-4, 0.00000000000000E+00, -3.96825396825397E-4, 4.96031746031746E-5, 0.00000000000000E+00, -4.96031746031746E-5, 4.96031746031746E-5, 0.00000000000000E+00, -4.96031746031746E-5, -2.20458553791887E-5, 0.00000000000000E+00, 2.20458553791887E-5, 2.20458553791887E-5, 6.61375661375661E-5
0.00000000000000E+00, 0.00000000000000E+00, 3.96825396825397E-4, -3.96825396825397E-4, 0.00000000000000E+00, 4.96031746031746E-5, -4.96031746031746E-5, 4.96031746031746E-5, -4.96031746031746E-5, 0.00000000000000E+00, 0.00000000000000E+00, -2.20458553791887E-5, 2.20458553791887E-5, -2.20458553791887E-5, 2.20458553791887E-5, 6.61375661375661E-5
3.96825396825397E-4, 3.96825396825397E-4, 3.96825396825397E-4, 1.98412698412698E-4, 9.92063492063492E-5, 9.92063492063492E-5, 4.96031746031746E-5, 9.92063492063492E-5, 4.96031746031746E-5, 4.96031746031746E-5, 0.00000000000000E+00, 0.00000000000000E+00, 5.51146384479718E-6, 0.00000000000000E+00, 5.51146384479718E-6, 5.51146384479718E-6, 2.20458553791887E-5
3.96825396825397E-4, 3.96825396825397E-4, 1.98412698412698E-4, 3.96825396825397E-4, 9.92063492063492E-5, 4.96031746031746E-5, 9.92063492063492E-5, 4.96031746031746E-5, 9.92063492063492E-5, 4.96031746031746E-5, 0.00000000000000E+00, 5.51146384479718E-6, 0.00000000000000E+00, 5.51146384479718E-6, 0.00000000000000E+00, -5.51146384479718E-6, 1.10229276895944E-5, 2.20458553791887E-5
3.96825396825397E-4, 1.98412698412698E-4, 3.96825396825397E-4, 3.96825396825397E-4, 4.96031746031746E-5, 9.92063492063492E-5, 9.92063492063492E-5, 4.96031746031746E-5, 4.96031746031746E-5, 9.92063492063492E-5, 5.51146384479718E-6, 0.00000000000000E+00, 0.00000000000000E+00, -5.51146384479718E-6, -5.51146384479718E-6, 0.00000000000000E+00, 1.10229276895944E-5, 1.10229276895944E-5, 2.20458553791887E-5
1.98412698412698E-4, 3.96825396825397E-4, 3.96825396825397E-4, 3.96825396825397E-4, 4.96031746031746E-5, 4.96031746031746E-5, 4.96031746031746E-5, 9.92063492063492E-5, 9.92063492063492E-5, 9.92063492063492E-5, -5.51146384479718E-6, -5.51146384479718E-6, -5.51146384479718E-6, 0.00000000000000E+00, 0.00000000000000E+00, 0.00000000000000E+00, 1.10229276895944E-5, 1.10229276895944E-5, 1.10229276895944E-5, 2.20458553791887E-5
