0.00000000000000E+00, -2.77777777777778E-3, -2.77777777777778E-3, -2.77777777777778E-3, 1.11111111111111E-2, 1.11111111111111E-2, 1.11111111111111E-2, 5.55555555555556E-3, 5.55555555555556E-3, 5.55555555555556E-3
-2.77777777777778E-3, 0.00000000000000E+00, -2.77777777777778E-3, -2.77777777777778E-3, 1.11111111111111E-2, 5.55555555555556E-3, 5.55555555555556E-3, 1.11111111111111E-2, 1.11111111111111E-2, 5.55555555555556E-3
-2.77777777777778E-3, -2.77777777777778E-3, 0.00000000000000E+00, -2.77777777777778E-3, 5.55555555555556E-3, 1.11111111111111E-2, 5.55555555555556E-3, 1.11111111111111E-2, 5.55555555555556E-3, 1.11111111111111E-2
-2.77777777777778E-3, -2.77777777777778E-3, -2.77777777777778E-3, 0.00000000000000E+00, 5.55555555555556E-3, 5.55555555555556E-3, 1.11111111111111E-2, 5.55555555555556E-3, 1.11111111111111E-2, 1.11111111111111E-2
-3.96825396825397E-4, -3.96825396825397E-4, -5.95238095238095E-4, -5.95238095238095E-4, 3.17460317460317E-3, 1.58730158730159E-3, 1.58730158730159E-3, 1.58730158730159E-3, 1.58730158730159E-3, 7.93650793650794E-4
-3.96825396825397E-4, -5.95238095238095E-4, -3.96825396825397E-4, -5.95238095238095E-4, 1.58730158730159E-3, 3.17460317460317E-3, 1.58730158730159E-3, 1.58730158730159E-3, 7.93650793650794E-4, 1.58730158730159E-3
-3.96825396825397E-4, -5.95238095238095E-4, -5.95238095238095E-4, -3.96825396825397E-4, 1.58730158730159E-3, 1.58730158730159E-3, 3.17460317460317E-3, 7.93650793650794E-4, 1.58730158730159E-3, 1.58730158730159E-3
-5.95238095238095E-4, -3.96825396825397E-4, -3.96825396825397E-4, -5.95238095238095E-4, 1.58730158730159E-3, 1.58730158730159E-3, 7.93650793650794E-4, 3.17460317460317E-3, 1.58730158730159E-3, 1.58730158730159E-3
-5.95238095238095E-4, -3.96825396825397E-4, -5.95238095238095E-4, -3.96825396825397E-4, 1.58730158730159E-3, 7.93650793650794E-4, 1.58730158730159E-3, 1.58730158730159E-3, 3.17460317460317E-3, 1.58730158730159E-3
-5.95238095238095E-4, -5.95238095238095E-4, -3.96825396825397E-4, -3.96825396825397E-4, 7.93650793650794E-4, 1.58730158730159E-3, 1.58730158730159E-3, 1.58730158730159E-3, 1.58730158730159E-3, 3.17460317460317E-3
