8.33333333333333E-2
4.16666666666667E-2, 8.33333333333333E-2
4.16666666666667E-2, 4.16666666666667E-2, 8.33333333333333E-2
1.66666666666667E-2, 1.66666666666667E-2, 8.33333333333333E-3, 5.55555555555556E-3
8.33333333333333E-3, 1.66666666666667E-2, 1.66666666666667E-2, 2.77777777777778E-3, 5.55555555555556E-3
1.66666666666667E-2, 8.33333333333333E-3, 1.66666666666667E-2, 2.77777777777778E-3, 2.77777777777778E-3, 5.55555555555556E-3
2.77777777777778E-3, -2.77777777777778E-3, 0.00000000000000E+00, 0.00000000000000E+00, -3.96825396825397E-4, 3.96825396825397E-4, 5.95238095238095E-4
0.00000000000000E+00, 2.77777777777778E-3, -2.77777777777778E-3, 3.96825396825397E-4, 0.00000000000000E+00, -3.96825396825397E-4, -1.98412698412698E-4, 5.95238095238095E-4
2.77777777777778E-3, 0.00000000000000E+00, -2.77777777777778E-3, 3.96825396825397E-4, -3.96825396825397E-4, 0.00000000000000E+00, 1.98412698412698E-4, 1.98412698412698E-4, 5.95238095238095E-4
2.77777777777778E-3, 2.77777777777778E-3, 2.77777777777778E-3, 7.93650793650794E-4, 7.93650793650794E-4, 7.93650793650794E-4, 0.00000000000000E+00, 0.00000000000000E+00, 0.00000000000000E+00, 1.98412698412698E-4
