8.33333333333333E-3, 4.16666666666667E-3, 4.16666666666667E-3, 3.75000000000000E-2, 0.00000000000000E+00, 0.00000000000000E+00, 0.00000000000000E+00, 0.00000000000000E+00, 3.75000000000000E-2, 7.50000000000000E-2
4.16666666666667E-3, 8.33333333333333E-3, 4.16666666666667E-3, 0.00000000000000E+00, 3.75000000000000E-2, 3.75000000000000E-2, 0.00000000000000E+00, 0.00000000000000E+00, 0.00000000000000E+00, 7.50000000000000E-2
4.16666666666667E-3, 4.16666666666667E-3, 8.33333333333333E-3, 0.00000000000000E+00, 0.00000000000000E+00, 0.00000000000000E+00, 3.75000000000000E-2, 3.75000000000000E-2, 0.00000000000000E+00, 7.50000000000000E-2
5.95238095238095E-4, 5.95238095238095E-4, 1.19047619047619E-3, 7.14285714285714E-3, 7.14285714285714E-3, 3.57142857142857E-3, -1.78571428571429E-3, -1.78571428571429E-3, 3.57142857142857E-3, 2.14285714285714E-2
1.19047619047619E-3, 5.95238095238095E-4, 5.95238095238095E-4, -1.78571428571429E-3, 3.57142857142857E-3, 7.14285714285714E-3, 7.14285714285714E-3, 3.57142857142857E-3, -1.78571428571429E-3, 2.14285714285714E-2
5.95238095238095E-4, 1.19047619047619E-3, 5.95238095238095E-4, 3.57142857142857E-3, -1.78571428571429E-3, -1.78571428571429E-3, 3.57142857142857E-3, 7.14285714285714E-3, 7.14285714285714E-3, 2.14285714285714E-2
9.92063492063492E-5, -9.92063492063492E-5, 0.00000000000000E+00, 4.01785714285714E-3, -4.01785714285714E-3, -2.23214285714286E-3, 4.46428571428571E-4, -4.46428571428571E-4, 2.23214285714286E-3, 0.00000000000000E+00
0.00000000000000E+00, 9.92063492063492E-5, -9.92063492063492E-5, -4.46428571428571E-4, 2.23214285714286E-3, 4.01785714285714E-3, -4.01785714285714E-3, -2.23214285714286E-3, 4.46428571428571E-4, 0.00000000000000E+00
9.92063492063492E-5, 0.00000000000000E+00, -9.92063492063492E-5, 2.23214285714286E-3, -4.46428571428571E-4, 4.46428571428571E-4, -2.23214285714286E-3, -4.01785714285714E-3, 4.01785714285714E-3, 0.00000000000000E+00
9.92063492063492E-5, 9.92063492063492E-5, 9.92063492063492E-5, 4.46428571428571E-4, 4.46428571428571E-4, 4.46428571428571E-4, 4.46428571428571E-4, 4.46428571428571E-4, 4.46428571428571E-4, 5.35714285714286E-3
