0.333333333333333
0.166666666666667, 0.333333333333333
0, 0, 0.333333333333333
0, 0, 0.166666666666667, 0.333333333333333
0, 0, 0, 0, 0.111111111111111
0, 0, 0, 0, 0.0555555555555556, 0.111111111111111
0, 0, 0, 0, 0, 0, 0.111111111111111
0, 0, 0, 0, 0, 0, 0.0555555555555556, 0.111111111111111
0.333333333333333, 0.333333333333333, 0, 0, 0, 0, 0, 0, 0.533333333333333
0, 0, 0, 0, 0.111111111111111, 0.111111111111111, 0, 0, 0, 0.177777777777778
0, 0, 0.333333333333333, 0.333333333333333, 0, 0, 0, 0, 0, 0, 0.533333333333333
0, 0, 0, 0, 0, 0, 0.111111111111111, 0.111111111111111, 0, 0, 0, 0.177777777777778