0.0555555555555556, 0.0555555555555556, 0.0277777777777778, 0.0277777777777778, 0.0277777777777778, 0.0277777777777778, 0.0138888888888889, 0.0138888888888889
0.0277777777777778, 0.0277777777777778, 0.0555555555555556, 0.0555555555555556, 0.0138888888888889, 0.0138888888888889, 0.0277777777777778, 0.0277777777777778
0.0277777777777778, 0.0277777777777778, 0.0138888888888889, 0.0138888888888889, 0.0555555555555556, 0.0555555555555556, 0.0277777777777778, 0.0277777777777778
0.0138888888888889, 0.0138888888888889, 0.0277777777777778, 0.0277777777777778, 0.0277777777777778, 0.0277777777777778, 0.0555555555555556, 0.0555555555555556
0.0555555555555556, 0.0277777777777778, 0.0555555555555556, 0.0277777777777778, 0.0277777777777778, 0.0138888888888889, 0.0277777777777778, 0.0138888888888889
0.0277777777777778, 0.0555555555555556, 0.0277777777777778, 0.0555555555555556, 0.0138888888888889, 0.0277777777777778, 0.0138888888888889, 0.0277777777777778
0.0277777777777778, 0.0138888888888889, 0.0277777777777778, 0.0138888888888889, 0.0555555555555556, 0.0277777777777778, 0.0555555555555556, 0.0277777777777778
0.0138888888888889, 0.0277777777777778, 0.0138888888888889, 0.0277777777777778, 0.0277777777777778, 0.0555555555555556, 0.0277777777777778, 0.0555555555555556
0.0555555555555556, 0.0277777777777778, 0.0277777777777778, 0.0138888888888889, 0.0555555555555556, 0.0277777777777778, 0.0277777777777778, 0.0138888888888889
0.0277777777777778, 0.0555555555555556, 0.0138888888888889, 0.0277777777777778, 0.0277777777777778, 0.0555555555555556, 0.0138888888888889, 0.0277777777777778
0.0277777777777778, 0.0138888888888889, 0.0555555555555556, 0.0277777777777778, 0.0277777777777778, 0.0138888888888889, 0.0555555555555556, 0.0277777777777778
0.0138888888888889, 0.0277777777777778, 0.0277777777777778, 0.0555555555555556, 0.0138888888888889, 0.0277777777777778, 0.0277777777777778, 0.0555555555555556