0.00462962962962963, 0.0185185185185185, 0.00462962962962963, 0.00925925925925926, 0.0370370370370370, 0.00925925925925926, 0, 0, 0, 0.00925925925925926, 0.0370370370370370, 0.00925925925925926, 0.0185185185185185, 0.0740740740740741, 0.0185185185185185, 0, 0, 0, 0, 0, 0, 0, 0, 0, 0, 0, 0
0, 0, 0, 0.00925925925925926, 0.0370370370370370, 0.00925925925925926, 0.00462962962962963, 0.0185185185185185, 0.00462962962962963, 0, 0, 0, 0.0185185185185185, 0.0740740740740741, 0.0185185185185185, 0.00925925925925926, 0.0370370370370370, 0.00925925925925926, 0, 0, 0, 0, 0, 0, 0, 0, 0
0, 0, 0, 0, 0, 0, 0, 0, 0, 0.00925925925925926, 0.0370370370370370, 0.00925925925925926, 0.0185185185185185, 0.0740740740740741, 0.0185185185185185, 0, 0, 0, 0.00462962962962963, 0.0185185185185185, 0.00462962962962963, 0.00925925925925926, 0.0370370370370370, 0.00925925925925926, 0, 0, 0
0, 0, 0, 0, 0, 0, 0, 0, 0, 0, 0, 0, 0.0185185185185185, 0.0740740740740741, 0.0185185185185185, 0.00925925925925926, 0.0370370370370370, 0.00925925925925926, 0, 0, 0, 0.00925925925925926, 0.0370370370370370, 0.00925925925925926, 0.00462962962962963, 0.0185185185185185, 0.00462962962962963
0.00462962962962963, 0.00925925925925926, 0, 0.0185185185185185, 0.0370370370370370, 0, 0.00462962962962963, 0.00925925925925926, 0, 0.00925925925925926, 0.0185185185185185, 0, 0.0370370370370370, 0.0740740740740741, 0, 0.00925925925925926, 0.0185185185185185, 0, 0, 0, 0, 0, 0, 0, 0, 0, 0
0, 0.00925925925925926, 0.00462962962962963, 0, 0.0370370370370370, 0.0185185185185185, 0, 0.00925925925925926, 0.00462962962962963, 0, 0.0185185185185185, 0.00925925925925926, 0, 0.0740740740740741, 0.0370370370370370, 0, 0.0185185185185185, 0.00925925925925926, 0, 0, 0, 0, 0, 0, 0, 0, 0
0, 0, 0, 0, 0, 0, 0, 0, 0, 0.00925925925925926, 0.0185185185185185, 0, 0.0370370370370370, 0.0740740740740741, 0, 0.00925925925925926, 0.0185185185185185, 0, 0.00462962962962963, 0.00925925925925926, 0, 0.0185185185185185, 0.0370370370370370, 0, 0.00462962962962963, 0.00925925925925926, 0
0, 0, 0, 0, 0, 0, 0, 0, 0, 0, 0.0185185185185185, 0.00925925925925926, 0, 0.0740740740740741, 0.0370370370370370, 0, 0.0185185185185185, 0.00925925925925926, 0, 0.00925925925925926, 0.00462962962962963, 0, 0.0370370370370370, 0.0185185185185185, 0, 0.00925925925925926, 0.00462962962962963
0.00462962962962963, 0.00925925925925926, 0, 0.00925925925925926, 0.0185185185185185, 0, 0, 0, 0, 0.0185185185185185, 0.0370370370370370, 0, 0.0370370370370370, 0.0740740740740741, 0, 0, 0, 0, 0.00462962962962963, 0.00925925925925926, 0, 0.00925925925925926, 0.0185185185185185, 0, 0, 0, 0
0, 0.00925925925925926, 0.00462962962962963, 0, 0.0185185185185185, 0.00925925925925926, 0, 0, 0, 0, 0.0370370370370370, 0.0185185185185185, 0, 0.0740740740740741, 0.0370370370370370, 0, 0, 0, 0, 0.00925925925925926, 0.00462962962962963, 0, 0.0185185185185185, 0.00925925925925926, 0, 0, 0
0, 0, 0, 0.00925925925925926, 0.0185185185185185, 0, 0.00462962962962963, 0.00925925925925926, 0, 0, 0, 0, 0.0370370370370370, 0.0740740740740741, 0, 0.0185185185185185, 0.0370370370370370, 0, 0, 0, 0, 0.00925925925925926, 0.0185185185185185, 0, 0.00462962962962963, 0.00925925925925926, 0
0, 0, 0, 0, 0.0185185185185185, 0.00925925925925926, 0, 0.00925925925925926, 0.00462962962962963, 0, 0, 0, 0, 0.0740740740740741, 0.0370370370370370, 0, 0.0370370370370370, 0.0185185185185185, 0, 0, 0, 0, 0.0185185185185185, 0.00925925925925926, 0, 0.00925925925925926, 0.00462962962962963
-0.00462962962962963, 0, 0.00462962962962963, -0.00925925925925926, 0, 0.00925925925925926, 0, 0, 0, -0.00925925925925926, 0, 0.00925925925925926, -0.0185185185185185, 0, 0.0185185185185185, 0, 0, 0, 0, 0, 0, 0, 0, 0, 0, 0, 0
0, 0, 0, -0.00925925925925926, 0, 0.00925925925925926, -0.00462962962962963, 0, 0.00462962962962963, 0, 0, 0, -0.0185185185185185, 0, 0.0185185185185185, -0.00925925925925926, 0, 0.00925925925925926, 0, 0, 0, 0, 0, 0, 0, 0, 0
0, 0, 0, 0, 0, 0, 0, 0, 0, -0.00925925925925926, 0, 0.00925925925925926, -0.0185185185185185, 0, 0.0185185185185185, 0, 0, 0, -0.00462962962962963, 0, 0.00462962962962963, -0.00925925925925926, 0, 0.00925925925925926, 0, 0, 0
0, 0, 0, 0, 0, 0, 0, 0, 0, 0, 0, 0, -0.0185185185185185, 0, 0.0185185185185185, -0.00925925925925926, 0, 0.00925925925925926, 0, 0, 0, -0.00925925925925926, 0, 0.00925925925925926, -0.00462962962962963, 0, 0.00462962962962963
-0.00462962962962963, -0.00925925925925926, 0, 0, 0, 0, 0.00462962962962963, 0.00925925925925926, 0, -0.00925925925925926, -0.0185185185185185, 0, 0, 0, 0, 0.00925925925925926, 0.0185185185185185, 0, 0, 0, 0, 0, 0, 0, 0, 0, 0
0, -0.00925925925925926, -0.00462962962962963, 0, 0, 0, 0, 0.00925925925925926, 0.00462962962962963, 0, -0.0185185185185185, -0.00925925925925926, 0, 0, 0, 0, 0.0185185185185185, 0.00925925925925926, 0, 0, 0, 0, 0, 0, 0, 0, 0
0, 0, 0, 0, 0, 0, 0, 0, 0, -0.00925925925925926, -0.0185185185185185, 0, 0, 0, 0, 0.00925925925925926, 0.0185185185185185, 0, -0.00462962962962963, -0.00925925925925926, 0, 0, 0, 0, 0.00462962962962963, 0.00925925925925926, 0
0, 0, 0, 0, 0, 0, 0, 0, 0, 0, -0.0185185185185185, -0.00925925925925926, 0, 0, 0, 0, 0.0185185185185185, 0.00925925925925926, 0, -0.00925925925925926, -0.00462962962962963, 0, 0, 0, 0, 0.00925925925925926, 0.00462962962962963
-0.00462962962962963, -0.00925925925925926, 0, -0.00925925925925926, -0.0185185185185185, 0, 0, 0, 0, 0, 0, 0, 0, 0, 0, 0, 0, 0, 0.00462962962962963, 0.00925925925925926, 0, 0.00925925925925926, 0.0185185185185185, 0, 0, 0, 0
0, -0.00925925925925926, -0.00462962962962963, 0, -0.0185185185185185, -0.00925925925925926, 0, 0, 0, 0, 0, 0, 0, 0, 0, 0, 0, 0, 0, 0.00925925925925926, 0.00462962962962963, 0, 0.0185185185185185, 0.00925925925925926, 0, 0, 0
0, 0, 0, -0.00925925925925926, -0.0185185185185185, 0, -0.00462962962962963, -0.00925925925925926, 0, 0, 0, 0, 0, 0, 0, 0, 0, 0, 0, 0, 0, 0.00925925925925926, 0.0185185185185185, 0, 0.00462962962962963, 0.00925925925925926, 0
0, 0, 0, 0, -0.0185185185185185, -0.00925925925925926, 0, -0.00925925925925926, -0.00462962962962963, 0, 0, 0, 0, 0, 0, 0, 0, 0, 0, 0, 0, 0, 0.0185185185185185, 0.00925925925925926, 0, 0.00925925925925926, 0.00462962962962963
0.00185185185185185, 0.00370370370370370, 0, 0.00740740740740741, 0.0148148148148148, 0, 0.00185185185185185, 0.00370370370370370, 0, 0.0148148148148148, 0.0296296296296296, 0, 0.0592592592592593, 0.118518518518519, 0, 0.0148148148148148, 0.0296296296296296, 0, 0.00185185185185185, 0.00370370370370370, 0, 0.00740740740740741, 0.0148148148148148, 0, 0.00185185185185185, 0.00370370370370370, 0
-0.00185185185185185, -0.00370370370370370, 0, 0, 0, 0, 0.00185185185185185, 0.00370370370370370, 0, -0.0148148148148148, -0.0296296296296296, 0, 0, 0, 0, 0.0148148148148148, 0.0296296296296296, 0, -0.00185185185185185, -0.00370370370370370, 0, 0, 0, 0, 0.00185185185185185, 0.00370370370370370, 0
0.00185185185185185, 0.00370370370370370, 0, 0.0148148148148148, 0.0296296296296296, 0, 0.00185185185185185, 0.00370370370370370, 0, 0.00740740740740741, 0.0148148148148148, 0, 0.0592592592592593, 0.118518518518519, 0, 0.00740740740740741, 0.0148148148148148, 0, 0.00185185185185185, 0.00370370370370370, 0, 0.0148148148148148, 0.0296296296296296, 0, 0.00185185185185185, 0.00370370370370370, 0
-0.00185185185185185, -0.00370370370370370, 0, -0.0148148148148148, -0.0296296296296296, 0, -0.00185185185185185, -0.00370370370370370, 0, 0, 0, 0, 0, 0, 0, 0, 0, 0, 0.00185185185185185, 0.00370370370370370, 0, 0.0148148148148148, 0.0296296296296296, 0, 0.00185185185185185, 0.00370370370370370, 0
0, 0.00370370370370370, 0.00185185185185185, 0, 0.0148148148148148, 0.00740740740740741, 0, 0.00370370370370370, 0.00185185185185185, 0, 0.0296296296296296, 0.0148148148148148, 0, 0.118518518518519, 0.0592592592592593, 0, 0.0296296296296296, 0.0148148148148148, 0, 0.00370370370370370, 0.00185185185185185, 0, 0.0148148148148148, 0.00740740740740741, 0, 0.00370370370370370, 0.00185185185185185
0, -0.00370370370370370, -0.00185185185185185, 0, 0, 0, 0, 0.00370370370370370, 0.00185185185185185, 0, -0.0296296296296296, -0.0148148148148148, 0, 0, 0, 0, 0.0296296296296296, 0.0148148148148148, 0, -0.00370370370370370, -0.00185185185185185, 0, 0, 0, 0, 0.00370370370370370, 0.00185185185185185
0, 0.00370370370370370, 0.00185185185185185, 0, 0.0296296296296296, 0.0148148148148148, 0, 0.00370370370370370, 0.00185185185185185, 0, 0.0148148148148148, 0.00740740740740741, 0, 0.118518518518519, 0.0592592592592593, 0, 0.0148148148148148, 0.00740740740740741, 0, 0.00370370370370370, 0.00185185185185185, 0, 0.0296296296296296, 0.0148148148148148, 0, 0.00370370370370370, 0.00185185185185185
0, -0.00370370370370370, -0.00185185185185185, 0, -0.0296296296296296, -0.0148148148148148, 0, -0.00370370370370370, -0.00185185185185185, 0, 0, 0, 0, 0, 0, 0, 0, 0, 0, 0.00370370370370370, 0.00185185185185185, 0, 0.0296296296296296, 0.0148148148148148, 0, 0.00370370370370370, 0.00185185185185185
0.00185185185185185, 0.00740740740740741, 0.00185185185185185, 0.00370370370370370, 0.0148148148148148, 0.00370370370370370, 0, 0, 0, 0.0148148148148148, 0.0592592592592593, 0.0148148148148148, 0.0296296296296296, 0.118518518518519, 0.0296296296296296, 0, 0, 0, 0.00185185185185185, 0.00740740740740741, 0.00185185185185185, 0.00370370370370370, 0.0148148148148148, 0.00370370370370370, 0, 0, 0
-0.00185185185185185, 0, 0.00185185185185185, -0.00370370370370370, 0, 0.00370370370370370, 0, 0, 0, -0.0148148148148148, 0, 0.0148148148148148, -0.0296296296296296, 0, 0.0296296296296296, 0, 0, 0, -0.00185185185185185, 0, 0.00185185185185185, -0.00370370370370370, 0, 0.00370370370370370, 0, 0, 0
0.00185185185185185, 0.0148148148148148, 0.00185185185185185, 0.00370370370370370, 0.0296296296296296, 0.00370370370370370, 0, 0, 0, 0.00740740740740741, 0.0592592592592593, 0.00740740740740741, 0.0148148148148148, 0.118518518518519, 0.0148148148148148, 0, 0, 0, 0.00185185185185185, 0.0148148148148148, 0.00185185185185185, 0.00370370370370370, 0.0296296296296296, 0.00370370370370370, 0, 0, 0
-0.00185185185185185, -0.0148148148148148, -0.00185185185185185, -0.00370370370370370, -0.0296296296296296, -0.00370370370370370, 0, 0, 0, 0, 0, 0, 0, 0, 0, 0, 0, 0, 0.00185185185185185, 0.0148148148148148, 0.00185185185185185, 0.00370370370370370, 0.0296296296296296, 0.00370370370370370, 0, 0, 0
0, 0, 0, 0.00370370370370370, 0.0148148148148148, 0.00370370370370370, 0.00185185185185185, 0.00740740740740741, 0.00185185185185185, 0, 0, 0, 0.0296296296296296, 0.118518518518519, 0.0296296296296296, 0.0148148148148148, 0.0592592592592593, 0.0148148148148148, 0, 0, 0, 0.00370370370370370, 0.0148148148148148, 0.00370370370370370, 0.00185185185185185, 0.00740740740740741, 0.00185185185185185
0, 0, 0, -0.00370370370370370, 0, 0.00370370370370370, -0.00185185185185185, 0, 0.00185185185185185, 0, 0, 0, -0.0296296296296296, 0, 0.0296296296296296, -0.0148148148148148, 0, 0.0148148148148148, 0, 0, 0, -0.00370370370370370, 0, 0.00370370370370370, -0.00185185185185185, 0, 0.00185185185185185
0, 0, 0, 0.00370370370370370, 0.0296296296296296, 0.00370370370370370, 0.00185185185185185, 0.0148148148148148, 0.00185185185185185, 0, 0, 0, 0.0148148148148148, 0.118518518518519, 0.0148148148148148, 0.00740740740740741, 0.0592592592592593, 0.00740740740740741, 0, 0, 0, 0.00370370370370370, 0.0296296296296296, 0.00370370370370370, 0.00185185185185185, 0.0148148148148148, 0.00185185185185185
0, 0, 0, -0.00370370370370370, -0.0296296296296296, -0.00370370370370370, -0.00185185185185185, -0.0148148148148148, -0.00185185185185185, 0, 0, 0, 0, 0, 0, 0, 0, 0, 0, 0, 0, 0.00370370370370370, 0.0296296296296296, 0.00370370370370370, 0.00185185185185185, 0.0148148148148148, 0.00185185185185185
0.00185185185185185, 0.00740740740740741, 0.00185185185185185, 0.0148148148148148, 0.0592592592592593, 0.0148148148148148, 0.00185185185185185, 0.00740740740740741, 0.00185185185185185, 0.00370370370370370, 0.0148148148148148, 0.00370370370370370, 0.0296296296296296, 0.118518518518519, 0.0296296296296296, 0.00370370370370370, 0.0148148148148148, 0.00370370370370370, 0, 0, 0, 0, 0, 0, 0, 0, 0
-0.00185185185185185, 0, 0.00185185185185185, -0.0148148148148148, 0, 0.0148148148148148, -0.00185185185185185, 0, 0.00185185185185185, -0.00370370370370370, 0, 0.00370370370370370, -0.0296296296296296, 0, 0.0296296296296296, -0.00370370370370370, 0, 0.00370370370370370, 0, 0, 0, 0, 0, 0, 0, 0, 0
0.00185185185185185, 0.0148148148148148, 0.00185185185185185, 0.00740740740740741, 0.0592592592592593, 0.00740740740740741, 0.00185185185185185, 0.0148148148148148, 0.00185185185185185, 0.00370370370370370, 0.0296296296296296, 0.00370370370370370, 0.0148148148148148, 0.118518518518519, 0.0148148148148148, 0.00370370370370370, 0.0296296296296296, 0.00370370370370370, 0, 0, 0, 0, 0, 0, 0, 0, 0
-0.00185185185185185, -0.0148148148148148, -0.00185185185185185, 0, 0, 0, 0.00185185185185185, 0.0148148148148148, 0.00185185185185185, -0.00370370370370370, -0.0296296296296296, -0.00370370370370370, 0, 0, 0, 0.00370370370370370, 0.0296296296296296, 0.00370370370370370, 0, 0, 0, 0, 0, 0, 0, 0, 0
0, 0, 0, 0, 0, 0, 0, 0, 0, 0.00370370370370370, 0.0148148148148148, 0.00370370370370370, 0.0296296296296296, 0.118518518518519, 0.0296296296296296, 0.00370370370370370, 0.0148148148148148, 0.00370370370370370, 0.00185185185185185, 0.00740740740740741, 0.00185185185185185, 0.0148148148148148, 0.0592592592592593, 0.0148148148148148, 0.00185185185185185, 0.00740740740740741, 0.00185185185185185
0, 0, 0, 0, 0, 0, 0, 0, 0, -0.00370370370370370, 0, 0.00370370370370370, -0.0296296296296296, 0, 0.0296296296296296, -0.00370370370370370, 0, 0.00370370370370370, -0.00185185185185185, 0, 0.00185185185185185, -0.0148148148148148, 0, 0.0148148148148148, -0.00185185185185185, 0, 0.00185185185185185
0, 0, 0, 0, 0, 0, 0, 0, 0, 0.00370370370370370, 0.0296296296296296, 0.00370370370370370, 0.0148148148148148, 0.118518518518519, 0.0148148148148148, 0.00370370370370370, 0.0296296296296296, 0.00370370370370370, 0.00185185185185185, 0.0148148148148148, 0.00185185185185185, 0.00740740740740741, 0.0592592592592593, 0.00740740740740741, 0.00185185185185185, 0.0148148148148148, 0.00185185185185185
0, 0, 0, 0, 0, 0, 0, 0, 0, -0.00370370370370370, -0.0296296296296296, -0.00370370370370370, 0, 0, 0, 0.00370370370370370, 0.0296296296296296, 0.00370370370370370, -0.00185185185185185, -0.0148148148148148, -0.00185185185185185, 0, 0, 0, 0.00185185185185185, 0.0148148148148148, 0.00185185185185185
0.000740740740740741, 0.00296296296296296, 0.000740740740740741, 0.00592592592592593, 0.0237037037037037, 0.00592592592592593, 0.000740740740740741, 0.00296296296296296, 0.000740740740740741, 0.00592592592592593, 0.0237037037037037, 0.00592592592592593, 0.0474074074074074, 0.189629629629630, 0.0474074074074074, 0.00592592592592593, 0.0237037037037037, 0.00592592592592593, 0.000740740740740741, 0.00296296296296296, 0.000740740740740741, 0.00592592592592593, 0.0237037037037037, 0.00592592592592593, 0.000740740740740741, 0.00296296296296296, 0.000740740740740741
-0.000740740740740741, 0, 0.000740740740740741, -0.00592592592592593, 0, 0.00592592592592593, -0.000740740740740741, 0, 0.000740740740740741, -0.00592592592592593, 0, 0.00592592592592593, -0.0474074074074074, 0, 0.0474074074074074, -0.00592592592592593, 0, 0.00592592592592593, -0.000740740740740741, 0, 0.000740740740740741, -0.00592592592592593, 0, 0.00592592592592593, -0.000740740740740741, 0, 0.000740740740740741
0.000740740740740741, 0.00592592592592593, 0.000740740740740741, 0.00296296296296296, 0.0237037037037037, 0.00296296296296296, 0.000740740740740741, 0.00592592592592593, 0.000740740740740741, 0.00592592592592593, 0.0474074074074074, 0.00592592592592593, 0.0237037037037037, 0.189629629629630, 0.0237037037037037, 0.00592592592592593, 0.0474074074074074, 0.00592592592592593, 0.000740740740740741, 0.00592592592592593, 0.000740740740740741, 0.00296296296296296, 0.0237037037037037, 0.00296296296296296, 0.000740740740740741, 0.00592592592592593, 0.000740740740740741
-0.000740740740740741, -0.00592592592592593, -0.000740740740740741, 0, 0, 0, 0.000740740740740741, 0.00592592592592593, 0.000740740740740741, -0.00592592592592593, -0.0474074074074074, -0.00592592592592593, 0, 0, 0, 0.00592592592592593, 0.0474074074074074, 0.00592592592592593, -0.000740740740740741, -0.00592592592592593, -0.000740740740740741, 0, 0, 0, 0.000740740740740741, 0.00592592592592593, 0.000740740740740741
0.000740740740740741, 0.00592592592592593, 0.000740740740740741, 0.00592592592592593, 0.0474074074074074, 0.00592592592592593, 0.000740740740740741, 0.00592592592592593, 0.000740740740740741, 0.00296296296296296, 0.0237037037037037, 0.00296296296296296, 0.0237037037037037, 0.189629629629630, 0.0237037037037037, 0.00296296296296296, 0.0237037037037037, 0.00296296296296296, 0.000740740740740741, 0.00592592592592593, 0.000740740740740741, 0.00592592592592593, 0.0474074074074074, 0.00592592592592593, 0.000740740740740741, 0.00592592592592593, 0.000740740740740741
-0.000740740740740741, -0.00592592592592593, -0.000740740740740741, -0.00592592592592593, -0.0474074074074074, -0.00592592592592593, -0.000740740740740741, -0.00592592592592593, -0.000740740740740741, 0, 0, 0, 0, 0, 0, 0, 0, 0, 0.000740740740740741, 0.00592592592592593, 0.000740740740740741, 0.00592592592592593, 0.0474074074074074, 0.00592592592592593, 0.000740740740740741, 0.00592592592592593, 0.000740740740740741