0.0277777777777778, 0.0555555555555556, 0, 0.111111111111111, 0.222222222222222, 0, 0.0277777777777778, 0.0555555555555556, 0
0, 0.0555555555555556, 0.0277777777777778, 0, 0.222222222222222, 0.111111111111111, 0, 0.0555555555555556, 0.0277777777777778
0.0277777777777778, 0.111111111111111, 0.0277777777777778, 0.0555555555555556, 0.222222222222222, 0.0555555555555556, 0, 0, 0
0, 0, 0, 0.0555555555555556, 0.222222222222222, 0.0555555555555556, 0.0277777777777778, 0.111111111111111, 0.0277777777777778
-0.0277777777777778, -0.0555555555555556, 0, 0, 0, 0, 0.0277777777777778, 0.0555555555555556, 0
0, -0.0555555555555556, -0.0277777777777778, 0, 0, 0, 0, 0.0555555555555556, 0.0277777777777778
-0.0277777777777778, 0, 0.0277777777777778, -0.0555555555555556, 0, 0.0555555555555556, 0, 0, 0
0, 0, 0, -0.0555555555555556, 0, 0.0555555555555556, -0.0277777777777778, 0, 0.0277777777777778
0.0111111111111111, 0.0888888888888889, 0.0111111111111111, 0.0444444444444444, 0.355555555555556, 0.0444444444444444, 0.0111111111111111, 0.0888888888888889, 0.0111111111111111
-0.0111111111111111, -0.0888888888888889, -0.0111111111111111, 0, 0, 0, 0.0111111111111111, 0.0888888888888889, 0.0111111111111111
0.0111111111111111, 0.0444444444444444, 0.0111111111111111, 0.0888888888888889, 0.355555555555556, 0.0888888888888889, 0.0111111111111111, 0.0444444444444444, 0.0111111111111111
-0.0111111111111111, 0, 0.0111111111111111, -0.0888888888888889, 0, 0.0888888888888889, -0.0111111111111111, 0, 0.0111111111111111